Drug_ID,Drug,Y
DELAVIRDINE,CC(C)Nc1cccnc1N1CCN(C(=O)C2=CC3=C[C@H](NS(C)(=O)=O)C=CC3=N2)CC1,0.0
SOPHOCARPINE,O=C1C=CC[C@@H]2[C@H]3CCCN4CCC[C@H](CN12)[C@H]34,0.0
RALOXIFENE,O=C(c1ccc(OCC[NH+]2CCCCC2)cc1)c1c(-c2ccc(O)cc2)sc2cc(O)ccc12,0.0
N-DEMETHYLOLANZAPINE,Cc1cc2c(s1)Nc1ccccc1N=C2N1CCNCC1,1.0
SUNITINIB,CCN(CC)CCNC(=O)c1c(C)[nH]c(/C=C2\C(=O)Nc3ccc(F)cc32)c1C,1.0
ARIPIPRAZOLE,O=C1CCc2ccc(OCCCCN3CCN(c4cccc(Cl)c4Cl)CC3)cc2N1,1.0
RIZATRIPTAN,C[NH+](C)CCC1C=Nc2ccc(Cn3cncn3)cc21,0.0
LISINOPRIL,[NH3+]CCCC[C@H]([NH2+][C@H](CCc1ccccc1)C(=O)[O-])C(=O)N1CCC[C@H]1C(=O)[O-],0.0
NORFLUOXETINE,NCC[C@H](Oc1ccc(C(F)(F)F)cc1)c1ccccc1,1.0
FLUOXETINE HYDROCHLORIDE,CNCC[C@H](Oc1ccc(C(F)(F)F)cc1)c1ccccc1,1.0
FLUOXETINE,C[NH2+]CC[C@@H](Oc1ccc(C(F)(F)F)cc1)c1ccccc1,1.0
ATOMOXETINE,CNCC[C@@H](Oc1ccccc1C)c1ccccc1,1.0
MEPIVACAINE (RACEMATE),Cc1cccc(C)c1NC(=O)[C@@H]1CCCCN1C,0.0
ROPIVACAINE HYDROCHLORIDE,CCCN1CCCC[C@@H]1C(=O)Nc1c(C)cccc1C,1.0
LEVOBUPIVACAINE HYDROCHLORIDE,CCCCN1CCCC[C@@H]1C(=O)Nc1c(C)cccc1C,1.0
NEBIVOLOL,O[C@H](CNC[C@@H](O)[C@H]1CCc2cc(F)ccc2O1)[C@H]1CCc2cc(F)ccc2O1,1.0
PYRILAMINE,COc1ccc(CN(CC[NH+](C)C)c2ccccn2)cc1,1.0
AMITRIPTYLINE HYDROCHLORIDE,CN(C)CCC=C1c2ccccc2CCc2ccccc21,1.0
NORTRIPTYLINE,C[NH2+]CCC=C1c2ccccc2CCc2ccccc21,1.0
AMITRIPTYLINE,C[NH+](C)CCC=C1c2ccccc2CCc2ccccc21,1.0
SAQUINAVIR,CC(C)(C)NC(=O)[C@@H]1C[C@@H]2CCCC[C@@H]2C[NH+]1C[C@@H](O)[C@H](Cc1ccccc1)NC(=O)[C@H](CC(N)=O)NC(=O)c1ccc2ccccc2n1,1.0
PETHIDINE HYDROCHLORIDE,CCOC(=O)C1(c2ccccc2)CCN(C)CC1,1.0
bekm-1,Clc1ccc(C(c2ccc(Cl)cc2)n2cc[n+](CC(OCc3ccc(Cl)cc3Cl)c3ccc(Cl)cc3Cl)c2)cc1,1.0
BEKM-1,Clc1ccc(C(c2ccc(Cl)cc2)n2cc[n+](C[C@H](OCc3ccc(Cl)cc3Cl)c3ccc(Cl)cc3Cl)c2)cc1,1.0
FAMOTIDINE,NC(N)=[NH+]c1nc(CSCC/C(N)=[NH+]/S(N)(=O)=O)cs1,1.0
PHENOBARBITAL,CCC1(c2ccccc2)C(=O)NC(=O)NC1=O,0.0
MOCLOBEMIDE,O=C(NCCN1CCOCC1)c1ccc(Cl)cc1,0.0
AMINOMETHYL TETRAHYDRONAPHTHALENE KETOPIPERAZINE 4H,CC(=O)N1CCN(Cc2ccc3c(c2)CC[C@H](N2CCN(CCc4ccc(F)cc4)CC2=O)C3)CC1,1.0
AMINOMETHYL TETRAHYDRONAPHTHALENE KETOPIPERAZINE 4F,CS(=O)(=O)N1CCN(Cc2ccc3c(c2)CC[C@H](N2CCN(CCc4ccc(F)cc4)CC2=O)C3)CC1,1.0
BMCL20031829_06,O=C1NCCN1CCN1CCC(c2cn(C3CCCCC3)c3ccc(Cl)cc23)CC1,1.0
COCAINE,COC(=O)[C@H]1[C@H](OC(=O)c2ccccc2)C[C@@H]2CC[C@H]1[NH+]2C,1.0
BENZOYLECGONINE,C[NH+]1[C@H]2CC[C@@H]1[C@@H](C(=O)[O-])[C@H](OC(=O)c1ccccc1)C2,0.0
COCAETHYLENE,CCOC(=O)[C@@H]1[C@@H](OC(=O)c2ccccc2)C[C@@H]2CC[C@H]1[NH+]2C,1.0
SILODOSIN,C[C@H](Cc1cc2c(c(C(N)=O)c1)N(CCCO)CC2)NCCOc1ccccc1OCC(F)(F)F,1.0
ARTICAINE,CCCN[C@@H](C)C(=O)Nc1c(C)csc1C(=O)OC,0.0
WOMBAT26,N#Cc1ccc(Cn2cncc2CC[NH2+][C@H]2CCN(c3ccccc3)C2=O)cc1,1.0
TRIMIPRAMINE,CC(CN1c2ccccc2CCc2ccccc21)C[NH+](C)C,1.0
CLOMIPRAMINE,CN(C)CCCN1c2ccccc2CCc2ccc(Cl)cc21,1.0
IMIPRAMINE,C[NH+](C)CCCN1c2ccccc2CCc2ccccc21,1.0
IMIPRAMINE HYDROCHLORIDE,CN(C)CCCN1c2ccccc2CCc2ccccc21,1.0
DESIPRAMINE,C[NH2+]CCCN1c2ccccc2CCc2ccccc21,1.0
"(4R)-4-(4-FLUOROPHENYL)-8-[1-(4-FLUOROPHENYL)CYCLOHEXYL]-2,8-DIAZASPIRO[4.5]DECAN-1-ONE",O=C1NC[C@@H](c2ccc(F)cc2)C12CCN(C1(c3ccc(F)cc3)CCCCC1)CC2,1.0
BEPRIDIL,CC(C)COC[C@@H](CN(Cc1ccccc1)c1ccccc1)[NH+]1CCCC1,1.0
CARVEDILOL,COc1ccccc1OCC[NH2+]C[C@@H](O)COC1=CC=CC2=Nc3ccccc3[C@@H]12,1.0
TRIMEBUTINE,CC[C@](COC(=O)c1cc(OC)c(OC)c(OC)c1)(c1ccccc1)[NH+](C)C,0.0
VARDENAFIL,CCCc1nc(C)c2c(=O)nc(-c3cc(S(=O)(=O)N4CC[NH+](CC)CC4)ccc3OCC)[nH]n12,1.0
N-{(1S)-2-[(3S)-3-HYDROXYPYRROLIDIN-1-YL]-1-PHENYLETHYL}-N-METHYL-2-(4-{[(METHYLSULFONYL)AMINO]METHYL}PHENYL)ACETAMIDE,CN(C(=O)Cc1ccc(CNS(C)(=O)=O)cc1)[C@@H](CN1CC[C@@H](O)C1)c1ccccc1,1.0
ATI-7505,COc1cc(N)c(Cl)cc1C(=O)N[C@@H]1CCN(CCCCCC(=O)O[C@@H]2CN3CCC2CC3)C[C@@H]1OC,1.0
,N[C@H](Cc1nn[nH]n1)C(=O)O,0.0
,NC(=O)C[C@@H](N)c1nn[nH]n1,0.0
CLOZAPINE_N_OXYDE,C[NH+]1CC[NH+]([C@@H]2c3ccccc3Nc3ccc(Cl)cc3N2O)CC1,0.0
4-DESMETHYLOLANZAPINE,Cc1cc2c(s1)=Nc1ccccc1NC=2N1CCNCC1,1.0
H345_32,CC(C)(C)OC(=O)N1CC[C@@H]2C[NH+](C[C@@H](O)COc3ccc(C#N)cc3)C[C@@H](C1)O2,1.0
MDL-100907,COc1cccc([C@H](O)C2CCN(CCc3ccc(F)cc3)CC2)c1OC,1.0
IFENPRODIL,C[C@H]([C@H](O)c1ccc(O)cc1)N1CCC(Cc2ccccc2)CC1,1.0
ELIPRODIL,O[C@@H](CN1CCC(Cc2ccc(F)cc2)CC1)c1ccc(Cl)cc1,1.0
BERTOSAMIL,CC(C)CN1C[C@H]2CN(C(C)C)C[C@@H](C1)C21CCCCC1,0.0
"2-ETHYLIDENE-1,5-DIMETHYL-3,3-DIPHENYLPYRROLIDINE (EDDP) (RACEMATE)",C/C=C1\N(C)[C@H](C)CC1(c1ccccc1)c1ccccc1,0.0
4-AMINOPYRIDINE,Nc1ccncc1,0.0
PYRIDOXINE,Cc1ncc(CO)c(CO)c1O,0.0
ETHIONAMIDE,CCc1cc(C(N)=S)ccn1,0.0
BIPERIDEN,O[C@](CC[NH+]1CCCCC1)(c1ccccc1)[C@@H]1C[C@@H]2C=C[C@H]1C2,0.0
DOXAZOSIN,COc1cc2nc(N3CCN(C(=O)[C@H]4COc5ccccc5O4)CC3)nc(N)c2cc1OC,1.0
TACRINE,Nc1c2c(nc3ccccc13)CCCC2,0.0
ERYTHROMYCYLAMINE,CC[C@H]1OC(=O)[C@@H](C)[C@@H](O[C@H]2C[C@@](C)(OC)[C@@H](O)[C@H](C)O2)[C@H](C)[C@@H](O[C@@H]2O[C@H](C)C[C@H]([NH+](C)C)[C@@H]2O)[C@@](C)(O)C[C@@H](C)[C@H]([NH3+])[C@H](C)[C@@H](O)[C@]1(C)O,0.0
WOMBAT38,Fc1ccc2c([C@@H]3C[NH2+]CC[C@@H]3F)c(C3=CNC=CC3)[nH]c2c1,1.0
VENLAFAXINE,COc1ccc(C(C[NH+](C)C)C2(O)CCCCC2)cc1,1.0
DULOXETINE,CN(C)C[C@@H](c1ccc(O)cc1)C1(O)CCCCC1,1.0
DESVENLAFAXINE,CN(C)CC(c1ccc(O)cc1)C1(O)CCCCC1,0.0
OXYBUTYNIN,CC[NH+](CC)CC#CCOC(=O)[C@@](O)(c1ccccc1)C1CCCCC1,1.0
OXYBUTYNIN,CC[NH+](CC)CC#CCOC(=O)C(O)(c1ccccc1)C1CCCCC1,1.0
HEROIN,CC(=O)Oc1ccc2c3c1O[C@H]1[C@@H](OC(C)=O)C=C[C@H]4[C@@H](C2)N(C)CC[C@]314,0.0
PRENYLAMINE,C[C@H](Cc1ccccc1)[NH2+]CCC(c1ccccc1)c1ccccc1,1.0
PRENYLAMINE,CC(Cc1ccccc1)[NH2+]CCC(c1ccccc1)c1ccccc1,1.0
MEFLOQUINE,O[C@@H](c1cc(C(F)(F)F)nc2c(C(F)(F)F)cccc12)[C@H]1CCCC[NH2+]1,1.0
PRUCALOPRIDE,COCCC[NH+]1CCC(NC(=O)c2cc(Cl)c(N)c3c2OCC3)CC1,1.0
SERTINDOLE10,Fc1ccc(-n2cc(C3CC[NH+](CCN4CCNC4=S)CC3)c3cc(Cl)ccc32)cc1,1.0
HALOPERIDOL,O=C(CCC[NH+]1CCC(O)(c2ccc(Cl)cc2)CC1)c1ccc(F)cc1,1.0
WOMBAT43,CC(C)(O)[C@H]1C=CC([C@H](c2cc[n+](O)cc2)c2ccc(OC(F)F)c(OC3CCC3)c2)=CN1,1.0
ranolazine,COc1ccccc1OCC(O)C[NH+]1CC[NH+](CC(=O)Nc2c(C)cccc2C)CC1,1.0
RANOLAZINE,COc1ccccc1OC[C@H](O)C[NH+]1CC[NH+](CC(=O)Nc2c(C)cccc2C)CC1,1.0
SELEGILINE,C#CC[NH+](C)[C@H](C)Cc1ccccc1,0.0
LY-97241,CCCCCCCN(CC)CCCCc1ccc([N+](=O)[O-])cc1,1.0
SOTALOL,CC(C)[NH2+]CC(O)c1ccc(NS(C)(=O)=O)cc1,0.0
TERBUTALINE,CC(C)(C)[NH2+]CC(O)c1cc(O)cc(O)c1,0.0
TILUDRONIC_ACID,O=P([O-])([O-])C(Sc1ccc(Cl)cc1)P(=O)([O-])[O-],0.0
CLOFILIUM,CCCCCCC[N+](CC)(CC)CCCCc1ccc(Cl)cc1,1.0
IBUTILIDE,CCCCCCC[NH+](CC)CCC[C@@H](O)c1ccc(NS(C)(=O)=O)cc1,1.0
SEMATILIDE,CC[NH+](CC)CCNC(=O)c1ccc(NS(C)(=O)=O)cc1,0.0
GLYCERYL-NONIVAMIDE,CCCCCCCCC(=O)NCc1ccc(C[C@@H](O)CO)c(OC)c1,1.0
SOTALOL,CC(C)[NH2+]C[C@H](O)c1ccc(NS(C)(=O)=O)cc1,0.0
BUPROPION,C[C@@H]([NH2+]C(C)(C)C)C(=O)c1cccc(Cl)c1,0.0
CLENBUTEROL,CC(C)(C)NC[C@H](O)c1cc(Cl)c(N)c(Cl)c1,0.0
MEXILETINE,Cc1cccc(C)c1OC[C@@H](C)[NH3+],1.0
CLOBUTINOL,C[C@@H](CN(C)C)[C@](C)(O)Cc1ccc(Cl)cc1,1.0
PROCAINAMIDE,CC[NH+](CC)CCNC(=O)c1ccc(N)cc1,1.0
TAPENTADOL,CC[C@@H](c1cccc(O)c1)[C@@H](C)CN(C)C,1.0
PROCAINAMIDE HYDROCHLORIDE,CCN(CC)CCNC(=O)c1ccc(N)cc1,0.0
METOPROLOL,COCCc1ccc(OC[C@H](O)C[NH2+]C(C)C)cc1,0.0
PROPIONYLPROCAINAMIDE-N,CCC(=O)NC(=O)c1ccc(N)cc1CC[NH+](CC)CC,1.0
ALMOKALANT,CCCS(=O)CCC[NH+](CC)C[C@@H](O)COc1ccc(C#N)cc1,1.0
almokalant,CCCS(=O)CCC[NH+](CC)CC(O)COc1ccc(C#N)cc1,1.0
FLUVOXAMINE,COCCCC/C(=N\OCC[NH3+])c1ccc(C(F)(F)F)cc1,1.0
glyceryl-nonivamide,CCCCCCCCC(=O)NCc1ccc(CC(O)CO)c(OC)c1,1.0
LIGNOCAINE,CCN(CC)CC(=O)Nc1c(C)cccc1C,0.0
CAPSAICIN,COc1cc(CNC(=O)CCCC/C=C/C(C)C)ccc1O,1.0
M-43068,CC(C)(NC(=O)c1ccc(O)cc1)C(=O)O,0.0
PROCARBAZINE,CNNCc1ccc(C(=O)NC(C)C)cc1,0.0
PROGUANIL,CC(C)NC(=[NH2+])NC(=[NH2+])Nc1ccc(Cl)cc1,0.0
PSEUDOEPHEDRINE,C[NH2+][C@@H](C)[C@@H](O)c1cccc(O)c1,0.0
RIVASTIGMINE,CCN(C)C(=O)Oc1cccc([C@H](C)[NH+](C)C)c1,0.0
ATENOLOL (RACEMATE),CC(C)[NH2+]C[C@@H](O)COc1ccc(CC(N)=O)cc1,0.0
METOCLOPRAMIDE,CC[NH+](CC)CCNC(=O)c1cc(Cl)c(N)cc1OC,1.0
ER-118585,COc1ccc(CNc2nnc(N3CCC4(CC3)CC(O)C4)c3ccc(C#N)cc23)cc1Cl,1.0
WOMBAT34,Fc1ccc2c([C@@H]3C[NH2+]CC[C@@H]3F)c(-c3ccc4ccccc4c3)[nH]c2c1,1.0
MORIN,O=c1c(O)c(-c2ccc(O)cc2O)oc2cc(O)cc(O)c12,0.0
CELECOXIB,Cc1ccc(-c2cc(C(F)(F)F)nn2-c2ccc(S(N)(=O)=O)cc2)cc1,1.0
AMINOMETHYL TETRAHYDRONAPHTHALENE KETOPIPERAZINE 1,CCN(CC)Cc1ccc2c(c1)CC[C@H](N1CCN(CCc3ccc(F)cc3)CC1=O)C2,1.0
AMINOMETHYL TETRAHYDRONAPHTHALENE KETOPIPERAZINE 4I,CN(C)C(=O)[C@@H](CO)N(C)Cc1ccc2c(c1)CC[C@H](N1CCN(CCc3ccc(F)cc3)CC1=O)C2,1.0
AMINOMETHYL TETRAHYDRONAPHTHALENE KETOPIPERAZINE 2B,CCN(CC)Cc1ccc2c(c1)CC[C@H](N1CCN(CCc3cc(N)cc(C(F)(F)F)c3)CC1=O)C2,1.0
AMINOMETHYL TETRAHYDRONAPHTHALENE KETOPIPERAZINE 2A,CCN(CC)Cc1ccc2c(c1)CC[C@H](N1CCN(CCc3ccc(Cl)cc3)CC1=O)C2,1.0
CJ-033466,CC1=CN2C(N)=C(Cl)C=C(C(=O)NC[C@@H]3CCCN(CC(C)C)C3)[C@@H]2N1,1.0
DESLORATIDINE,Clc1ccc2c(c1)CCc1cccnc1C2=C1CC[NH2+]CC1,1.0
ELTROMBOPAG,Cc1ccc(-n2[nH]c(C)c(N/N=C3/C=CC=C(c4cccc(C(=O)O)c4)C3=O)c2=O)cc1C,1.0
(2R)-N-(4-TERT-BUTYLPHENYL)-N'-CYANO-4-(3-FLUOROPYRIDIN-2-YL)-2-METHYLPIPERAZINE-1-CARBOXIMIDAMIDE,C[C@H]1CN(c2ncccc2F)CCN1/C(=N/C#N)Nc1ccc(C(C)(C)C)cc1,1.0
TRIFLUOPERAZINE,C[NH+]1CC[NH+](CCCN2c3ccccc3Sc3ccc(C(F)(F)F)cc32)CC1,1.0
PROCHLORPERAZINE,C[NH+]1CC[NH+](CCCN2c3ccccc3Sc3ccc(Cl)cc32)CC1,1.0
PERPHENAZINE,OCC[NH+]1CC[NH+](CCCN2c3ccccc3Sc3ccc(Cl)cc32)CC1,1.0
CLOTRIMAZOLE,Clc1ccccc1C(c1ccccc1)(c1ccccc1)n1ccnc1,1.0
"4,4'-DIFLUOROBENZOPHENONE",O=C(c1ccc(F)cc1)c1ccc(F)cc1,0.0
"4,4-DIFLUOROBENZOPHENONE",O=C(c1ccccc1F)c1ccccc1F,0.0
TOLCAPONE,Cc1ccc(C(=O)c2cc(O)c([O-])c([N+](=O)[O-])c2)cc1,0.0
TERFENADINE,CC(C)(C)c1ccc([C@@H](O)CCC[NH+]2CCC(C(O)(c3ccccc3)c3ccccc3)CC2)cc1,1.0
SERTINDOLE11,CC(C)(O)c1ccc([C@H](O)CCC[NH+]2CCC(C(O)(c3ccccc3)c3ccccc3)CC2)cc1,0.0
APRINIDINE,CC[NH+](CC)CCCN(c1ccccc1)C1Cc2ccccc2C1,1.0
EBASTINE,CC(C)(C)c1ccc(C(=O)CCC[NH+]2CCC(OC(c3ccccc3)c3ccccc3)CC2)cc1,1.0
CLARITHROMYCIN,CC[C@@H]1OC(=O)[C@@H](C)[C@H](O[C@H]2C[C@@](C)(OC)[C@@H](O)[C@H](C)O2)[C@H](C)[C@@H](O[C@@H]2O[C@H](C)C[C@@H]([NH+](C)C)[C@@H]2O)[C@@](C)(OC)C[C@@H](C)C(=O)[C@@H](C)[C@@H](O)[C@]1(C)O,0.0
ERYTHROMYCIN,CC[C@H]1OC(=O)[C@H](C)[C@H](O[C@H]2C[C@](C)(OC)[C@H](O)[C@@H](C)O2)[C@@H](C)[C@@H](O[C@H]2O[C@H](C)C[C@@H]([NH+](C)C)[C@H]2O)[C@](C)(O)C[C@@H](C)C(=O)[C@H](C)[C@@H](O)[C@@]1(C)O,0.0
N-DEMETHYL-ERYTHROMYCIN,CC[C@H]1OC(=O)[C@@H](C)[C@@H](O[C@H]2C[C@@](C)(OC)[C@@H](O)[C@H](C)O2)[C@H](C)[C@@H](O[C@@H]2O[C@H](C)C[C@H]([NH2+]C)[C@@H]2O)[C@](C)(O)C[C@@H](C)C(=O)[C@H](C)[C@@H](O)[C@]1(C)O,0.0
N-DESMETHYLERYTHROMYCIN,CC[C@H]1OC(=O)[C@H](C)[C@H](O[C@H]2C[C@@](C)(O)[C@H](O)[C@@H](C)O2)[C@@H](C)[C@H](O[C@H]2O[C@H](C)C[C@@H]([NH+](C)C)[C@H]2O)[C@](C)(O)C[C@@H](C)C(=O)[C@H](C)[C@@H](O)[C@@]1(C)O,0.0
N-DEMETHYLERYTHROMYCIN,CC[C@H]1OC(=O)[C@H](C)[C@@H](O[C@H]2C[C@@](C)(O)[C@@H](O)[C@H](C)O2)[C@H](C)[C@@H](O[C@@H]2O[C@H](C)C[C@H](N(C)C)[C@H]2O)[C@](C)(O)C[C@@H](C)C(=O)[C@H](C)[C@@H](O)[C@]1(C)O,0.0
CETIRIZINE,O=C([O-])COCC[NH+]1CC[NH+]([C@H](c2ccccc2)c2ccc(Cl)cc2)CC1,1.0
AMSACRINE,COc1cc(NS(C)(=O)=O)ccc1Nc1c2ccccc2nc2ccccc12,1.0
WOMBAT30,c1ccc(-c2[nH]c3ccccc3c2C2CC[NH2+]CC2)cc1,1.0
WOMBAT13,CC(C)Oc1cc([C@H](C2=CN[C@H](C(O)(C(F)(F)F)C(F)(F)F)S2)c2ccc[n+]([O-])c2)ccc1OC(F)F,1.0
WOMBAT16,CC(C)Oc1cc([C@@H](C2=CN[C@@H](C(O)(C(F)(F)F)C(F)(F)F)S2)c2ccc[n+]([O-])c2)ccc1OC(F)F,1.0
VESNARINONE,COc1ccc(C(=O)N2CCN(c3ccc4c(c3)CCC(=O)N4)CC2)cc1OC,1.0
PERHEXILENE,C1CCC(C(C[C@@H]2CCCC[NH2+]2)C2CCCCC2)CC1,1.0
PERHEXILENE,C1CCC(C(C[C@H]2CCCC[NH2+]2)C2CCCCC2)CC1,1.0
LEVOFLOXACIN,C[C@H]1COc2c(N3CC[NH+](C)CC3)c(F)cc3c(=O)c(C(=O)[O-])cn1c23,0.0
OFLOXACIN,C[C@@H]1COc2c(N3CC[NH+](C)CC3)c(F)cc3c(=O)c(C(=O)[O-])cn1c23,0.0
GREPAFLOXACIN,Cc1c(F)c(N2CC[NH2+][C@H](C)C2)cc2c1C(=O)[C@H](C(=O)[O-])C=[N+]2C1CC1,0.0
SPARFLOXACIN,C[C@H]1CN(c2c(F)c(N)c3c(c2F)[N+](C2CC2)=C[C@@H](C(=O)[O-])C3=O)C[C@@H](C)[NH2+]1,1.0
GATIFLOXACIN,COc1c(N2CC[NH2+][C@H](C)C2)c(F)cc2c1[N+](C1CC1)=C[C@@H](C(=O)[O-])C2=O,0.0
ROPINIROLE HYDROCHLORIDE,CCCN(CCC)CCc1cccc2c1CC(=O)N2,1.0
ROPINIROLE,CCC[NH+](CCC)CCc1cccc2c1CC(=O)N2,0.0
WOMBAT03,c1ccc(C[NH+]2CCC[C@H](c3c(-c4ccccc4)[nH]c4ccccc34)C2)cc1,1.0
BMCL-16-2006-4265_26,CN1CCN(CCCN(C(=O)Nc2ccc(F)c(C(F)(F)F)c2)[C@@H]2C[C@@H](c3ccc4c(c3)[C@H](N)NO4)[C@@H]3C[C@H]32)CC1,1.0
,O=C(O)CSc1n[nH]c(=O)[nH]c1=O,0.0
VINPOCETINE,CCOC(=O)C1=C[C@]2(CC)CCC[NH+]3CCc4c(n1c1ccccc41)[C@H]32,1.0
VINPOCETINE,CCOC(=O)C1=C[C@]2(CC)CCC[NH+]3CCc4c(n1c1ccccc41)[C@@H]32,1.0
AMINOMETHYL TETRAHYDRONAPHTHALENE KETOPIPERAZINE 4E,O=C1CN(CCc2ccc(F)cc2)CCN1[C@H]1CCc2cc(CN3CCCCC3)ccc2C1,1.0
AMINOMETHYL TETRAHYDRONAPHTHALENE KETOPIPERAZINE 4A,O=C1CN(CCc2ccc(F)cc2)CCN1[C@H]1CCc2cc(CN3CCC(C(F)(F)F)CC3)ccc2C1,1.0
"4,4'-DIFLUOROBENZHYDROL",OC(c1ccc(F)cc1)c1ccc(F)cc1,0.0
L-ALPHA-ACETYLMETHADOL,CC[C@H](OC(C)=O)C(C[C@H](C)N(C)C)(c1ccccc1)c1ccccc1,1.0
TERODILINE,C[C@H](CC(c1ccccc1)c1ccccc1)[NH2+]C(C)(C)C,1.0
"4,4'-DIMETHYLDIPHENHYDRAMINE",CN(C)CCOC(c1ccccc1)c1ccccc1,1.0
NORACETYLMETHADOL,CC[C@@H](O)C(C[C@@H](C)NC)(c1ccccc1)c1ccccc1,1.0
DIPHENHYDRAMINE,C[NH+](C)CCOC(c1ccccc1)c1ccccc1,1.0
TOLTERODINE TARTRATE,Cc1ccc(O)c([C@@H](CCN(C(C)C)C(C)C)c2ccccc2)c1,1.0
METHADONE,CCC(=O)C(C[C@@H](C)[NH+](C)C)(c1ccccc1)c1ccccc1,1.0
TOLTERODINE,Cc1ccc(O)c([C@H](CC[NH+](C(C)C)C(C)C)c2ccccc2)c1,1.0
TERODILINE,CC(CC(c1ccccc1)c1ccccc1)[NH2+]C(C)(C)C,1.0
ORPHENADRINE,Cc1ccccc1[C@H](OCC[NH+](C)C)c1ccccc1,1.0
LAAM,CC[C@@H](OC(C)=O)C(C[C@@H](C)[NH+](C)C)(c1ccccc1)c1ccccc1,1.0
CIPROFLOXACIN,O=C([O-])C1=C[N+](C2CC2)=C2C=C(N3CC[NH2+]CC3)C(F)=C[C@H]2C1=O,0.0
DILTIAZEM,COc1ccc([C@@H]2Sc3ccccc3N(CC[NH+](C)C)C(=O)[C@@H]2OC(C)=O)cc1,1.0
DAURICINE,COc1cc2c(cc1OC)[C@@H](Cc1ccc(Oc3cc(C[C@@H]4c5cc(OC)c(OC)cc5CCN4C)ccc3O)cc1)N(C)CC2,1.0
CARVEDILOL (RACEMATE),COc1ccccc1OCCNC[C@@H](O)COc1cccc2[nH]c3ccccc3c12,1.0
NELFINAVIR,Cc1c(O)cccc1C(=O)N[C@@H](CSc1ccccc1)[C@H](O)C[NH+]1C[C@H]2CCCC[C@H]2C[C@H]1C(=O)NC(C)(C)C,1.0
TRIMETHOPRIM,COc1cc(Cc2cnc(N)nc2N)cc(OC)c1OC,0.0
WOMBAT20,N#Cc1ccc(Cn2cncc2C[NH2+][C@H]2CCN(c3ccncc3)C2=O)cc1,1.0
PROPRANOLOL,CC(C)[NH2+]CC(O)COc1cccc2ccccc12,1.0
PROPRANOLOL,CC(C)[NH2+]C[C@@H](O)COc1cccc2ccccc12,1.0
HYDROXYHALOPERIDOL,O[C@H](CCCN1CCC(O)(c2ccc(Cl)cc2)CC1)c1ccc(F)cc1,1.0
SERTINDOLE2,O=C1NCCN1CC[NH+]1CC=C(c2cn(-c3ccc(F)cc3)c3ccc(Cl)cc23)CC1,1.0
JMC20066569-1,O=C(NC1CCN(Cc2ccc3c(c2)OCO3)CC1)c1cc(=O)c2cc(Cl)c(Cl)cc2o1,1.0
JMC20066569-18,O=C(NC1CCN(Cc2ccc3c(c2)OCO3)CC1)c1cc(=O)c2ccc(OC(F)F)cc2o1,1.0
JMC20066569-21,O=C(NC1CCN(Cc2ccc3c(c2)OCO3)CC1)c1cc(=O)c2ccc(Cl)cc2o1,1.0
JMC20066569-42,O=C(NC1CCN(Cc2ccc3c(c2)OC(F)(F)O3)CC1)c1cc(=O)c2ccc(F)cc2o1,1.0
JMC20066569-22,O=C(NC1CCN(Cc2ccc3c(c2)OCO3)CC1)c1cc(=O)c2ccc(F)cc2o1,1.0
JMC20066569-34,O=C(NC1CCN(Cc2ccc3c(c2)OCO3)CC1)c1cc(=O)c2cc(F)c(Cl)cc2o1,1.0
JMC20066569-35,COc1cc2oc(C(=O)NC3CCN(Cc4ccc5c(c4)OCO5)CC3)cc(=O)c2cc1F,1.0
JMC20066569-20,O=C(NC1CCN(Cc2ccc3c(c2)OCO3)CC1)c1cc(=O)c2ccc(Br)cc2o1,1.0
JMC20066569-30,O=C(NC1CCN(Cc2ccc3c(c2)OCO3)CC1)c1cc(=O)c2cc(F)ccc2o1,1.0
JMC20066569-2,COc1ccc2c(=O)cc(C(=O)NC3CCN(Cc4ccc5c(c4)OCO5)CC3)oc2c1,1.0
JMC20066569-17,O=C(NC1CCN(Cc2ccc3c(c2)OCO3)CC1)c1cc(=O)c2ccc(O)cc2o1,0.0
JMC20066569-31,O=C(NC1CCN(Cc2ccc3c(c2)OCO3)CC1)c1cc(=O)c2ccccc2o1,1.0
JMC20066569-43,O=C(NC1CCN(Cc2cc3c(cc2Cl)OCO3)CC1)c1cc(=O)c2ccc(F)cc2o1,1.0
JMC20066569-23,N#Cc1ccc2c(=O)cc(C(=O)NC3CCN(Cc4ccc5c(c4)OCO5)CC3)oc2c1,1.0
JMC20066569-19,CCc1ccc2c(=O)cc(C(=O)NC3CCN(Cc4ccc5c(c4)OCO5)CC3)oc2c1,1.0
"1-{4-[2-({4-[(2,3-DIMETHYL-1H-INDOL-5-YL)OXY]-6-METHOXYQUINAZOLIN-7-YL}OXY)ETHYL]PIPERAZIN-1-YL}PROPAN-2-ONE",COc1cc2c(Oc3ccc4[nH]c(C)c(C)c4c3)ncnc2cc1OCCN1CCN(CC(C)=O)CC1,1.0
BMCL20031829_03,O=C1NCCN1CCN1CCC(c2cn(-c3ccc(F)cc3)c3ccccc23)CC1,1.0
BMCL20031829_08,COC(=O)c1ccc(-n2cc(C3CCN(CCN4CCNC4=O)CC3)c3cc(Cl)ccc32)cc1,1.0
BMCL20031829_04,O=C(O)Cc1ccc(-n2cc(C3CCN(CCN4CCNC4=O)CC3)c3cc(Cl)ccc32)cc1,1.0
BMCL20031829_01,O=C1NCCN1CCN1CCC(c2cn(-c3ccccc3)c3ccc(Cl)cc23)CC1,1.0
SERTINDOLE3,O=C1NCCN1CCN1CCC(c2cn(-c3ccc(F)cc3)c3ccc(Cl)cc23)CC1,1.0
BMCL20031829_05,O=C(O)c1ccc(-n2cc(C3CCN(CCN4CCNC4=O)CC3)c3cc(Cl)ccc32)cc1,0.0
BMCL20031829_07,COC(=O)Cc1ccc(-n2cc(C3CCN(CCN4CCNC4=O)CC3)c3cc(Cl)ccc32)cc1,1.0
,O=C(O)CNC(=O)[C@@H]1NC(C(F)(F)F)(C(F)(F)F)OC1(C(F)(F)F)C(F)(F)F,0.0
1-{4-[({4-[(4-BROMO-2-FLUOROPHENYL)AMINO]-6-METHOXYQUINAZOLIN-7-YL}OXY)METHYL]PIPERIDIN-1-YL}-2-(DIMETHYLAMINO)ETHANONE,COc1cc2c(Nc3ccc(Br)cc3F)ncnc2cc1OCC1CCN(C(=O)CN(C)C)CC1,1.0
,O=C(O)CCC(O)=C1S(=O)(=O)OCCOS1(=O)=O,0.0
LORATADINE,CCOC(=O)N1CCC(=C2c3ccc(Cl)cc3CCc3cccnc32)CC1,1.0
LETROZOLE,N#Cc1ccc(C(c2ccc(C#N)cc2)n2cncn2)cc1,0.0
SERTRALINE,C[NH2+][C@H]1CC[C@@H](c2ccc(Cl)c(Cl)c2)c2ccccc21,1.0
,N[C@@H](C(=O)O)[C@@H](N)C(=O)O,0.0
,NC(N)=NC[C@@H](N)C(=O)O,0.0
,N[C@H](CNO)C(=O)O,0.0
,NC(=O)CS(=O)C[C@H](N)C(=O)O,0.0
,NC[C@@H](O)CSP(=O)(O)O,0.0
C(CC(=NO)N)C(=NO)N,N/C(CC/C(N)=N/O)=N\O,0.0
C(CCO)CC(C(=O)O)N,N[C@H](CCCCO)C(=O)O,0.0
C(CN(CC(=O)O)CC(=O)O)N(CC(=O)O)CC(=O)O.[Cu+2],O=C(O)CN(CCN(CC(=O)O)CC(=O)O)CC(=O)O,0.0
C(CNC(=S)S)N,NCCNC(=S)S,0.0
C(CNCC(=O)O)C(=O)O,O=C(O)CCNCC(=O)O,0.0
CHLOROBUTANOL,CC(C)(O)C(Cl)(Cl)Cl,1.0
C(CNCC(CO)O)N,NCCNC[C@@H](O)CO,0.0
C(CSCCN)C(=O)O,NCCSCCC(=O)O,0.0
C(CSS(=O)(=O)CCN)N,NCCSS(=O)(=O)CCN,0.0
,C#CCOCCCC(=O)O,0.0
,[N-]=[N+]=NCC(N)=O,0.0
,NC(=O)C[C@@H](N)C(N)=O,0.0
HYDROXIZINE,OCCOCCN1CCN([C@H](c2ccccc2)c2ccc(Cl)cc2)CC1,1.0
1-(BIS(4-FLUOROPHENYL)METHYL)PIPERAZINE,Fc1ccc(C(c2ccc(F)cc2)N2CCNCC2)cc1,1.0
BMCL20031829_02,O=C1NCCN1CCN1CC=C(c2cn(-c3ccc(F)cc3)c3ccc(Cl)cc23)CC1,1.0
EGIS7229,COc1ccc(CC[NH+](C)CCCNc2c(Cl)cn[nH]c2=O)cc1OC,1.0
NICOTINE,C[NH+]1CCC[C@@H]1c1cccnc1,0.0
TERIKALANT,COc1ccc(C2CCN(CC[C@H]3CCOc4ccccc43)CC2)cc1OC,1.0
PALONOSETRON,O=C1c2cccc3c2[C@@H](CCC3)CN1[C@@H]1CN2CCC1CC2,0.0
,Fc1ccc(-n2cc(C3CCN(CCN4CCNC4=S)CC3)c3ccccc32)cc1,1.0
THEOPHYLLINE,Cn1c(=O)c2nc[nH]c2n(C)c1=O,0.0
TRIAZOLAM,Cc1nnc2n1-c1ccc(Cl)cc1C(c1ccccc1Cl)=NC2,0.0
AJMALINE,CC[C@H]1[C@H]2C[C@H]3[C@@H]4N(C)c5ccccc5[C@]45C[C@@H]([C@H]2[C@H]5O)N3[C@@H]1O,1.0
DONEPEZIL,COc1cc2c(cc1OC)C(=O)[C@@H](CC1CC[NH+](Cc3ccccc3)CC1)C2,1.0
,CC[C@@](O)(C(=O)O)c1cc2n(c(=O)c1CO)Cc1cc3ccccc3nc1-2,0.0
AMBASILIDE,Nc1ccc(C(=O)N2C[C@@H]3C[C@H](C2)C[NH+](Cc2ccccc2)C3)cc1,1.0
L-691121,CS(=O)(=O)Nc1ccc2c(c1)C(=O)CC1(CCN(CCc3ccc4nonc4c3)CC1)O2,1.0
WOMBAT46,C[C@@](O)(c1ccccc1)[C@H]1C=CC([C@H](c2cc[n+](O)cc2)c2ccc(OC(F)F)c(OC(F)F)c2)=CN1,1.0
SUFENTANIL,CCC(=O)N(c1ccccc1)C1(COC)CC[NH+](CCc2cccs2)CC1,1.0
BMCL20031829_13,O=C1NCCN1CCN1CCC([C@@H]2CN(c3ccc(F)cc3)c3ccccc32)CC1,1.0
NPS-2143,CC(C)(Cc1ccc2ccccc2c1)NC[C@@H](O)COc1cccc(Cl)c1C#N,1.0
"5-CHLORO-N-(2,4-DIMETHOXYBENZYL)-1-BENZOFURAN-2-CARBOXAMIDE",COc1ccc(CNC(=O)c2cc3cc(Cl)ccc3o2)c(OC)c1,1.0
TIZANIDINE,Clc1ccc2nsnc2c1NC1=[NH+]CCN1,0.0
ANASTROZOLE,CC(C)(C#N)c1cc(Cn2cncn2)cc(C(C)(C)C#N)c1,0.0
CARBAMAZEPINE,NC(=O)N1c2ccccc2C=Cc2ccccc21,0.0
SUMATRIPTAN,CNS(=O)(=O)Cc1ccc2c(c1)C(CC[NH+](C)C)C=N2,0.0
CHLOROQUINE,CC[NH+](CC)CCC[C@@H](C)Nc1ccnc2cc(Cl)ccc12,1.0
PRIMAQUINE,COc1cc(N[C@H](C)CCCN)c2ncccc2c1,1.0
ROFECOXIB,CS(=O)(=O)c1ccc(C2=C(c3ccccc3)C(=O)OC2)cc1,0.0
2-AMINO-N-PYRIMIDIN-4-YLACETAMIDE-4,Cc1ccc(-c2nc(NC(=O)CC3CCN(C)CC3)cc(-n3nccc3C)n2)o1,1.0
DASATINIB,Cc1nc(Nc2ncc(C(=O)Nc3c(C)cccc3Cl)s2)cc(N2CCN(CCO)CC2)n1,1.0
AMINOMETHYL TETRAHYDRONAPHTHALENE KETOPIPERAZINE 4B,O=C1CN(CCc2ccc(F)cc2)CCN1[C@H]1CCc2cc(Cn3ccnc3)ccc2C1,1.0
WOMBAT27,N#Cc1ccc(Cn2cncc2C[NH+](Cc2cccnc2)[C@H]2CCN(Cc3ccccc3)C2=O)cc1,1.0
ALOSETRON,Cc1nc[nH]c1CN1CCc2c(c3ccccc3n2C)C1=O,1.0
CISAPRIDE HYDRATE,COc1cc(N)c(Cl)cc1C(=O)N[C@@H]1CCN(CCCOc2ccc(F)cc2)C[C@@H]1OC,1.0
,O=c1[nH]c(SCc2c(Cl)c(Cl)c(Cl)c(Cl)c2Cl)nc(=S)[nH]1,0.0
AF3013,C[C@H]1Sc2c(C(=O)O)c(=O)c3cc(F)c(N4CCNCC4)cc3n21,0.0
OPC18790,COc1ccc(C[NH2+]C[C@@H](O)COc2ccc3[nH]c(=O)ccc3c2)cc1OC,1.0
OPC18790,COc1ccc(C[NH2+]CC(O)COc2ccc3[nH]c(=O)ccc3c2)cc1OC,1.0
ICI-118551,Cc1ccc(OC[C@H](O)[C@H](C)NC(C)C)c2c1CCC2,1.0
WOMBAT04,c1ccc(CC[NH+]2CCC[C@H](c3c(-c4ccccc4)[nH]c4ccccc34)C2)cc1,1.0
OXAPROZIN,O=C([O-])CCc1nc(-c2ccccc2)c(-c2ccccc2)o1,0.0
WOMBAT19,N#Cc1ccc(Cn2cncc2C[NH2+][C@H]2CCN(c3cccc4ncccc34)C2=O)cc1,1.0
MARAVIROC,Cc1nnc(C(C)C)n1C1C[C@@H]2CC[C@H](C1)N2CC[C@H](NC(=O)C1CCC(F)(F)CC1)c1ccccc1,0.0
WOMBAT56,N#Cc1ccc(Cn2cncc2C[NH2+][C@@H]2CCN(Cc3cccc(Cl)c3)C2=O)cc1,1.0
WOMBAT61,N#Cc1ccc(Cn2cncc2C[NH+](CCC[NH3+])[C@@H]2CCN(Cc3cccc(Cl)c3)C2=O)cc1,1.0
WOMBAT60,CC(C)(C)OC(=O)NCCC[NH+](Cc1cncn1Cc1ccc(C#N)cc1)[C@@H]1CCN(Cc2cccc(Cl)c2)C1=O,1.0
WOMBAT28,CCCC[NH+](Cc1cncn1Cc1ccc(C#N)cc1)[C@H]1CCN(Cc2ccccc2)C1=O,1.0
WOMBAT21,N#Cc1ccc(Cn2cncc2C[NH2+][C@H]2CCN(Cc3ccccc3)C2=O)cc1,1.0
WOMBAT36,O=C(Nc1ccccc1)c1[nH]c2cc(F)ccc2c1[C@@H]1C[NH2+]CC[C@@H]1F,1.0
norpropoxyphene,CCC(=O)OC(Cc1ccccc1)(c1ccccc1)C(C)C[NH2+]C,1.0
NORPROPOXYPHENE,CCC(=O)O[C@](Cc1ccccc1)(c1ccccc1)[C@H](C)C[NH2+]C,1.0
BMCL20031829_14,Fc1ccc(-n2cc(C3CCNCC3)c3cc(Cl)ccc32)cc1,1.0
CHROMANOLOL 293B,CCS(=O)(=O)N(C)[C@H]1c2cc(C#N)ccc2OC(C)(C)[C@@H]1O,1.0
CHROMANOL,CCS(=O)(=O)C[NH2+][C@@H]1c2cc(C[NH3+])ccc2OC(C)(C)[C@H]1O,1.0
HMR-1556,CN([C@@H]1c2cc(OCCCC(F)(F)F)ccc2OC(C)(C)[C@H]1O)S(C)(=O)=O,1.0
MICONAZOLE,Clc1ccc(CO[C@@H](Cn2ccnc2)c2ccc(Cl)cc2Cl)c(Cl)c1,1.0
RENZAPRIDE,COc1cc(N)c(Cl)cc1C(=O)N[C@H]1CC[NH+]2CCC[C@H]1C2,1.0
CANRENOIC,C[C@@]12CCC(=O)C=C1C=C[C@@H]1[C@H]2CC[C@]2(C)[C@@H]1CC[C@]2(O)CCC(=O)[O-],0.0
CANRENOIC_ACID,C[C@]12CC[C@@H]3[C@@H](C=CC4=CC(=O)CC[C@@]43C)[C@H]1CC[C@@]2(O)CCC(=O)O,0.0
QUETIAPINE,OCCOCC[NH+]1CCN(C2=Nc3ccccc3Sc3ccccc32)CC1,1.0
RALTEGRAVIR,Cc1nnc(C(=O)NC(C)(C)C2=N/C(=C(\O)NCc3ccc(F)cc3)C(=O)C(=O)N2C)o1,0.0
MOSAPRIDE,CCOc1cc(N)c(Cl)cc1C(=O)NC[C@@H]1C[NH+](Cc2ccc(F)cc2)CCO1,1.0
MOSAPRIDE,CCOc1cc(N)c(Cl)cc1C(=O)NCC1C[NH+](Cc2ccc(F)cc2)CCO1,1.0
GLIBENCLAMIDE,COc1ccc(Cl)cc1C(=O)NCCc1ccc(S(=O)([O-])=NC(=O)NC2CCCCC2)cc1,0.0
WOMBAT57,N#Cc1ccc(Cn2cncc2C[NH+](CC[NH+]2CCOCC2)[C@@H]2CCN(Cc3cccc(Cl)c3)C2=O)cc1,1.0
MIBEFRADIL,COCC(=O)O[C@@]1(CC[NH+](C)CCCc2nc3ccccc3[nH]2)CCc2cc(F)ccc2[C@@H]1C(C)C,1.0
BMCL-16-2007-1777-22,O=C([C@H](O)C1CC1)N1CC(c2cc(F)ccc2F)=C[C@@H]1c1ccccc1,1.0
BMCL-16-2006-17782-16,N[C@H](C(=O)N1CC(c2cc(F)ccc2F)=C[C@H]1c1cccc(O)c1)C1CC1,1.0
BMCL-16-2006-17782-17,O=C([C@@H](O)C1CC1)N1CC(c2cc(F)ccc2F)=C[C@H]1c1cccc(O)c1,1.0
BMCL-16-2007-1777-19,N[C@@H](C(=O)N1CC(c2cc(F)ccc2F)=C[C@H]1c1ccccc1)C1CC1,1.0
FEXOFENADINE HYDROCHLORIDE,CC(C)(C(=O)O)c1ccc([C@H](O)CCCN2CCC(C(O)(c3ccccc3)c3ccccc3)CC2)cc1,1.0
BMCL20031829_11,CC(C)(O)c1ccc([C@H](O)CCCN2CCC(C(O)(c3ccccc3)c3ccccc3)CC2)cc1,1.0
VANOXERINE HYDROCHLORIDE,Fc1ccc(C(OCCN2CCN(CCCc3ccccc3)CC2)c2ccc(F)cc2)cc1,1.0
BUPRENORPHINE,CO[C@]12CC[C@@]3(C[C@@H]1[C@@](C)(O)C(C)(C)C)[C@H]1Cc4ccc(O)c5c4[C@@]3(CC[NH+]1CC1CC1)[C@H]2O5,1.0
buprenorphine,COC12CCC3(CC1C(C)(O)C(C)(C)C)C1Cc4ccc(O)c5c4C3(CC[NH+]1CC1CC1)C2O5,1.0
"1,4-DIHYDROINDENO[1,2-C]PYRAZOL_77",CN1CCN(Cc2ccc3c(c2)Cc2c(-c4csc(C#CCOc5ccccc5)c4)n[nH]c2-3)C(=O)C1,0.0
TRIAMTERENE,Nc1nc(N)c2nc(-c3ccccc3)c(N)nc2n1,1.0
SILDENAFIL,CCCC1=N[N+](C)=C2C(=O)N=C(c3cc(S(=O)(=O)N4CC[NH+](C)CC4)ccc3OCC)N=C12,0.0
SERTINDOLE13,O=C1NCCN1CC[NH+]1CCC(c2cn(-c3ccc(F)cc3)c3ccccc23)CC1,1.0
SERTINDOLE5,O=C([O-])c1ccc(-n2cc(C3CC[NH+](CCN4CCNC4=O)CC3)c3cc(Cl)ccc32)cc1,0.0
SERTINDOLE7,COCCc1ccc(-n2cc(C3CC[NH+](CCN4CCNC4=O)CC3)c3cc(Cl)ccc32)cc1,0.0
SERTINDOLE,O=C1NCCN1CC[NH+]1CCC(c2cn(-c3ccc(F)cc3)c3ccc(Cl)cc23)CC1,1.0
SERTINDOLE8,COCc1ccc(-n2cc(C3CC[NH+](CCN4CCNC4=O)CC3)c3cc(Cl)ccc32)cc1,1.0
SERTINDOLE4,O=C1NCCN1CC[NH+]1CCC(c2cn(-c3ccc(CCO)cc3)c3ccc(Cl)cc23)CC1,0.0
SERTINDOLE1,O=C1NCCN1CC[NH+]1CCC(c2cn(-c3ccccc3)c3ccc(Cl)cc23)CC1,0.0
GBR-12909,Fc1ccc(C(OCC[NH+]2CC[NH+](CCCc3ccccc3)CC2)c2ccc(F)cc2)cc1,1.0
WOMBAT48,CC(C)Oc1cc([C@H](C2=CN[C@@H](C(C)(C)O)C=C2)c2ccc[n+]([O-])c2)ccc1OC(F)F,0.0
WOMBAT50,CC(C)Oc1cc([C@@H](C2=CN[C@@H](C(C)(C)O)C=C2)c2ccc[n+]([O-])c2)ccc1OC(F)F,0.0
BUSPIRONE,O=C1CC2(CCCC2)CC(=O)N1CCCCN1CCN(c2ncccn2)CC1,1.0
CIBENZOLINE,c1ccc(C2(c3ccccc3)C[C@H]2C2=[NH+]CCN2)cc1,1.0
cibenzoline,c1ccc(C2(c3ccccc3)CC2C2=[NH+]CCN2)cc1,1.0
FENTANYL,CCC(=O)N(c1ccccc1)C1CC[NH+](CCc2ccccc2)CC1,1.0
VERNAKALANT HYDROCHLORIDE,COc1ccc(CCO[C@@H]2CCCC[C@@H]2N2CC[C@@H](O)C2)cc1OC,1.0
SPIRONOLACTONE,CC(=O)S[C@@H]1CC2=CC(=O)CC[C@]2(C)[C@H]2CC[C@@]3(C)[C@@H](CC[C@@]34CCC(=O)O4)[C@@H]21,1.0
CHLORPROMAZINE,C[NH+](C)CCCN1c2ccccc2Sc2ccc(Cl)cc21,1.0
CYAMEMAZINE (RACEMATE),C[C@H](CN(C)C)CN1c2ccccc2Sc2ccc(C#N)cc21,1.0
cyamemazin,CC(CN1c2ccccc2Sc2ccc(C#N)cc21)C[NH+](C)C,1.0
PROMETHAZINE,CC(CN1c2ccccc2Sc2ccccc21)[NH+](C)C,1.0
CYAMEMAZIN,C[C@H](CN1c2ccccc2Sc2ccc(C#N)cc21)C[NH+](C)C,1.0
CYAMEMAZINE,C[C@@H](CN(C)C)CN1c2ccccc2Sc2ccc(C#N)cc21,1.0
PENTOBARBITAL,CCC[C@@H](C)C1(CC)C(=O)NC(=O)NC1=O,0.0
,NC(=O)NOC[C@H]1NC(=O)NC1=O,0.0
ORLISTAT,CCCCCCCCCCC[C@@H](C[C@@H]1OC(=O)[C@H]1CCCCCC)OC(=O)[C@H](CC(C)C)NC=O,0.0
MK-499,CS(=O)(=O)Nc1ccc2c(c1)[C@H](O)CC1(CC[NH+]([C@@H]3CCc4cc(C#N)ccc4C3)CC1)O2,1.0
MK-499,CS(=O)(=O)Nc1ccc2c(c1)C(O)CC1(CC[NH+](C3CCc4cc(C#N)ccc4C3)CC1)O2,1.0
WOMBAT58,N#Cc1ccc(Cn2cncc2C[NH+](CC[NH+]2CC[NH2+]CC2)[C@@H]2CCN(Cc3cccc(Cl)c3)C2=O)cc1,1.0
NIFEKALANT,Cn1c(NCCN(CCO)CCCc2ccc([N+](=O)[O-])cc2)cc(=O)n(C)c1=O,1.0
ISRADIPINE,COC(=O)C1=C(C)NC(C)=C(C(=O)OC(C)C)[C@H]1c1cccc2nonc12,0.0
PRULIFLOXACIN,Cc1oc(=O)oc1CN1CCN(c2cc3c(cc2F)c(=O)c(C(=O)O)c2n3[C@@H](C)S2)CC1,0.0
,C#CCSc1n[nH]c(-c2ccco2)n1,0.0
GRANISETRON,Cn1nc(C(=O)NC2C[C@@H]3CCC[C@H](C2)[NH+]3C)c2ccccc21,1.0
ONDANSETRON,Cc1nccn1C[C@@H]1CCc2c(c3ccccc3n2C)C1=O,1.0
ONDANSETRON,Cc1nccn1CC1CCc2c(c3ccccc3n2C)C1=O,1.0
DANTROLENE,O=C1CN(/N=C/c2ccc(-c3ccc([N+](=O)[O-])cc3)o2)C(=O)N1,0.0
ISOBUTYLMETHYLXANTHINE,CC(C)Cn1c(=O)n(C)c(=O)c2[nH]cnc21,1.0
CAFFEINE,Cn1c(=O)c2c(ncn2C)n(C)c1=O,1.0
ACEHYTISINE,C=C1C[C@]23C[C@H]4[C@H]5[C@]67C[C@@H](OC(C)=O)C[C@@]5(C)CN4[C@@H]6[C@@]2(O)[C@@H](OC(C)=O)[C@H]1[C@@H](O)[C@@H]73,0.0
ALVIMOPAN,C[C@H]1CN(C[C@H](Cc2ccccc2)C(=O)NCC(=O)O)CC[C@@]1(C)c1cccc(O)c1,0.0
OLEANDOMYCIN,CO[C@@H]1C[C@H](O[C@H]2[C@H](C)C(=O)O[C@H](C)[C@H](C)[C@@H](O)[C@@H](C)C(=O)[C@]3(CO3)C[C@@H](C)[C@@H](O[C@H]3O[C@H](C)C[C@@H]([NH+](C)C)[C@@H]3O)[C@H]2C)O[C@H](C)[C@H]1O,0.0
C(CO)N1C(=NN=N1)N,Nc1nnnn1CCO,0.0
RISPERIDONE,CC1=NC2=[N+](CCCC2)C(=O)C1CC[NH+]1CCC(c2noc3cc(F)ccc23)CC1,1.0
9-HYDROXYRISPERIDONE,CC1=NC2=[N+](CCC[C@H]2O)C(=O)[C@@H]1CC[NH+]1CCC(c2noc3cc(F)ccc23)CC1,1.0
RISPERIDONE,CC1=NC2=[N+](CCCC2)C(=O)[C@@H]1CC[NH+]1CCC(c2noc3cc(F)ccc23)CC1,1.0
TADAFIL,CN1CC(=O)N2[C@@H](c3ccc4c(c3)OCO4)c3[nH]c4ccccc4c3C[C@@H]2C1=O,0.0
TADALAFIL,CN1CC(=O)N2[C@H](Cc3c([nH]c4ccccc34)[C@H]2c2ccc3c(c2)OCO3)C1=O,0.0
VALSARTAN,CCCCC(=O)N(Cc1ccc(-c2ccccc2-c2nn[n-]n2)cc1)[C@H](C(=O)[O-])C(C)C,0.0
TRIMETHAPHAN,O=C1N(Cc2ccccc2)[C@H]2[C@H](C[S+]3CCC[C@H]23)N1Cc1ccccc1,1.0
TERAZOSIN,COc1cc2nc(N3CCN(C(=O)[C@@H]4CCCO4)CC3)nc(N)c2cc1OC,1.0
WOMBAT06,c1ccc(-c2[nH]c3ccccc3c2C2CCN(c3ccccc3)CC2)cc1,1.0
TESTOLACTONE,CC12CCC3C(CCC4=CC(=O)C=CC43C)C1CCC(=O)O2,0.0
PALIPERIDONE,Cc1nc2n(c(=O)c1CCN1CCC(c3noc4cc(F)ccc34)CC1)CCC[C@@H]2O,1.0
TRIFLUOPERAZINE HYDROCHLORIDE,CN1CCN(CCCN2c3ccccc3Sc3ccc(C(F)(F)F)cc32)CC1,1.0
METHOXYVERAPAMIL,COc1ccc(CCN(C)CCC[C@@](C#N)(c2cc(OC)c(OC)c(OC)c2)C(C)C)cc1OC,1.0
HESPERITIN,COc1ccc([C@@H]2CC(=O)c3c(O)cc(O)cc3O2)cc1O,0.0
NARINGENIN,O=C1C[C@@H](c2ccc(O)cc2)Oc2cc(O)cc(O)c21,1.0
EGCG,O=C(O[C@@H]1Cc2c(O)cc(O)cc2O[C@@H]1c1cc(O)c(O)c(O)c1)c1cc(O)c(O)c(O)c1,1.0
FLUVASTATIN,CC(C)n1c(/C=C\[C@@H](O)C[C@@H](O)CC(=O)[O-])c(-c2ccc(F)cc2)c2ccccc21,0.0
IRBESARTAN,CCCCC1=NC2(CCCC2)C(=O)N1Cc1ccc(-c2ccccc2-c2nn[n-]n2)cc1,0.0
E-4031,Cc1cccc(CC[NH+]2CCC(C(=O)c3ccc(NS(C)(=O)=O)cc3)CC2)n1,1.0
LOSARTAN,CCCCc1nc(Cl)c(CO)n1Cc1ccc(-c2ccccc2-c2nn[n-]n2)cc1,1.0
BMCL-16-2006-17782-21,CN(C(=O)N1CC(c2cc(F)ccc2F)=C[C@H]1c1cccc(O)c1)C1CCNCC1,1.0
BMCL-16-2006-1777-13,CN(C(=O)N1CC(c2cc(F)ccc2F)=C[C@H]1c1ccccc1)C1CCNCC1,1.0
WOMBAT37,Fc1ccc2c([C@@H]3C[NH2+]CC[C@@H]3F)c(C3CCCCCC3)[nH]c2c1,1.0
OUABAIN,C[C@@H]1O[C@@H](O[C@@H]2C[C@@H](O)[C@]3(CO)[C@H]4[C@@H](O)C[C@]5(C)[C@H](C6=CC(=O)OC6)CC[C@]5(O)[C@@H]4CC[C@@]3(O)C2)[C@H](O)[C@H](O)[C@H]1O,1.0
L-702958,CS(=O)(=O)Nc1ccc2c(c1)C(=O)CC1(CCN([C@@H]3CCc4cc(C#N)ccc4C3)CC1)O2,1.0
AMLODIPINE,CCOC(=O)C1=C(COCC[NH3+])NC(C)=C(C(=O)OC)[C@H]1c1ccccc1Cl,1.0
NIFEDIPINE,COC(=O)C1=C(C)NC(C)=C(C(=O)OC)C1c1ccccc1[N+](=O)[O-],0.0
NITRENDIPINE,CCOC(=O)C1=C(C)NC(C)=C(C(=O)OC)[C@H]1c1cccc([N+](=O)[O-])c1,0.0
ROXITHROMYCIN,CC[C@H]1OC(=O)[C@H](C)[C@@H](O[C@H]2C[C@@](C)(OC)[C@@H](O)[C@H](C)O2)[C@H](C)[C@@H](O[C@@H]2O[C@H](C)C[C@H]([NH+](C)C)[C@H]2O)[C@](C)(O)C[C@@H](C)/C(=N/OCOCCOC)[C@H](C)[C@@H](O)[C@]1(C)O,1.0
ROXITHROMYCIN,CC[C@H]1OC(=O)[C@@H](C)[C@@H](O[C@H]2C[C@@](C)(OC)[C@@H](O)[C@H](C)O2)[C@H](C)[C@@H](O[C@@H]2O[C@H](C)C[C@H]([NH+](C)C)[C@@H]2O)[C@](C)(O)C[C@@H](C)/C(=N/OCOCCOC)[C@H](C)[C@@H](O)[C@]1(C)O,1.0
DIGOXIN,C[C@H]1O[C@@H](O[C@H]2[C@@H](O)C[C@H](O[C@H]3[C@@H](O)C[C@H](O[C@H]4CC[C@]5(C)[C@H]6C[C@@H](O)[C@]7(C)[C@@H](C8=CC(=O)OC8)CC[C@]7(O)[C@@H]6CC[C@@H]5C4)O[C@@H]3C)O[C@@H]2C)C[C@H](O)[C@@H]1O,1.0
DIGITOXIN,C[C@H]1O[C@@H](O[C@H]2[C@@H](O)C[C@H](O[C@H]3[C@@H](O)C[C@H](O[C@H]4CC[C@]5(C)[C@H]6CC[C@]7(C)[C@@H](C8=CC(=O)OC8)CC[C@]7(O)[C@@H]6CC[C@@H]5C4)O[C@@H]3C)O[C@@H]2C)C[C@H](O)[C@@H]1O,1.0
FANANSERIN,O=S1(=O)c2cccc3cccc(c23)N1CCCN1CCN(c2ccc(F)cc2)CC1,1.0
NEFERINE,COc1ccc(C[C@@H]2c3cc(Oc4cc(C[C@@H]5c6cc(OC)c(OC)cc6CCN5C)ccc4O)c(OC)cc3CCN2C)cc1,1.0
RITONAVIR,CC(C)c1nc(CN(C)C(=O)N[C@H](C(=O)N[C@@H](Cc2ccccc2)C[C@H](O)[C@H](Cc2ccccc2)NC(=O)OCc2cncs2)C(C)C)cs1,1.0
ATROPINE,C[NH+]1[C@H]2CC[C@@H]1CC(OC(=O)[C@@H](CO)c1ccccc1)C2,1.0
SERTINDOLE6,O=C1NCCN1CC[NH+]1CCC(c2cn(C3CCCCC3)c3ccc(Cl)cc23)CC1,0.0
FLUSPIRILENE,O=C1NCN(c2ccccc2)C12CC[NH+](CCCC(c1ccc(F)cc1)c1ccc(F)cc1)CC2,1.0
,Nc1nc(N)nc(CC(=O)O)n1,0.0
2-[({1-[1-(4-Fluorobenzyl)-1H-benzimidazol-2-yl]-4-piperidinyl}methyl)amino]-4(3H)-pyrimidinone,O=c1ccnc(NCC2CCN(c3nc4ccccc4n3Cc3ccc(F)cc3)CC2)[nH]1,1.0
TEDISAMIL,C1CCC2(C1)C1C[NH+](CC3CC3)CC2C[NH+](CC2CC2)C1,1.0
PILSICAINIDE,Cc1cccc(C)c1NC(=O)CC12CCC[NH+]1CCC2,1.0
EPINASTINE,NC1=[NH+]C[C@H]2c3ccccc3Cc3ccccc3N12,0.0
DOXEPINE,C[NH+](C)CC/C=C1/c2ccccc2COc2ccccc21,1.0
METHYLECGONIDINE,COC(=O)C1=CC[C@@H]2CC[C@@H]1[NH+]2C,0.0
DARIFENACIN,NC(=O)C(c1ccccc1)(c1ccccc1)[C@@H]1CCN(CCc2ccc3c(c2)CCO3)C1,1.0
SIBUTRAMINE,CC(C)CC([NH+](C)C)C1(c2ccc(Cl)cc2)CCC1,0.0
SIBUTRAMINE,CC(C)C[C@@H]([NH+](C)C)C1(c2ccc(Cl)cc2)CCC1,1.0
CLEBOPRIDE,COc1cc(N)c(Cl)cc1C(=O)NC1CCN(Cc2ccccc2)CC1,1.0
BMCL-16-2006-4263-1,CN1CCN(CCCN(C(=O)Nc2ccc(F)c(C(F)(F)F)c2)[C@@H]2C[C@@H](c3ccc(C#N)cc3)[C@@H]3C[C@H]32)CC1,1.0
PERGOLIDE,CCC[NH+]1C[C@H](CSC)C[C@@H]2c3cccc4c3C(C=N4)C[C@H]21,1.0
PERGOLIDE,CCC[NH+]1C[C@H](CSC)C[C@H]2c3cccc4c3[C@H](C=N4)C[C@H]21,1.0
BTHP,COc1cc2c(cc1OC)[C@@H]1Cc3ccc(OC)c(OC)c3[C@@H](Cc3ccccc3)N1CC2,1.0
OXYCODONE,COc1ccc2c3c1O[C@H]1C(=O)CC[C@@]4(O)[C@@H](C2)[NH+](C)CC[C@]314,0.0
MAPROTILINE,C[NH2+]CCCC12CCC(c3ccccc31)c1ccccc12,1.0
lopinavir,Cc1cccc(C)c1OCC(=O)NC(Cc1ccccc1)C(O)CC(Cc1ccccc1)NC(=O)C(C(C)C)N1CCCNC1=O,1.0
LOPINAVIR,Cc1cccc(C)c1OCC(=O)N[C@H](Cc1ccccc1)[C@H](O)C[C@@H](Cc1ccccc1)NC(=O)[C@@H](C(C)C)N1CCCNC1=O,1.0
AWD_23-111,CC[NH+](CC)CCCN(CC(=O)N(C1CCCCC1)C1CCCCC1)C(=O)c1ccc([N+](=O)[O-])cc1,1.0
TRAZODONE,O=c1n(CCCN2CCN(c3cccc(Cl)c3)CC2)nc2ccccn12,1.0
BMCL-16-2006-5861-8i,CCc1c(C)[nH]c2c1/C(=N/NC(=O)Nc1ccccc1)CCC2,1.0
BRL-37872,COc1ccc(CC[NH+](C)CCCN(C(=O)c2ccc([N+](=O)[O-])cc2)c2ccc(OC)c(OC)c2)cc1OC,1.0
MDL_74156,O=C(OC1C[C@@H]2CC3C[C@H](C1)[NH+]2C[C@@H]3O)c1c[nH]c2ccccc12,1.0
BMCL-16-2006-4313-27,O=C1NC[C@@H](c2ccccc2)C12CCN([C@H]1CCCC[C@@H]1c1ccccc1)CC2,1.0
TAMOXIFENE,CC/C(=C(\c1ccccc1)c1ccc(OCCN(C)C)cc1)c1ccccc1,1.0
TAMOXIFEN,CC/C(=C(/c1ccccc1)c1ccc(OCC[NH+](C)C)cc1)c1ccccc1,1.0
CLOMIPHENE,CC[NH+](CC)CCOc1ccc(/C(=C(/Cl)c2ccccc2)c2ccccc2)cc1,1.0
ZAFIRLUKAST,COc1cc(C(=O)N=S(=O)([O-])c2ccccc2C)ccc1Cc1cn(C)c2ccc(NC(=O)OC3CCCC3)cc12,1.0
AMINOMETHYL TETRAHYDRONAPHTHALENE KETOPIPERAZINE 4G,O=C1CN(CCc2ccc(F)cc2)CCN1[C@H]1CCc2cc(CN3CCS(=O)(=O)CC3)ccc2C1,1.0
BRL-32872,COc1ccc(CCN(C)CCCN(C(=O)c2ccc([N+](=O)[O-])cc2)c2ccc(OC)c(OC)c2)cc1OC,1.0
IQB-9302,Cc1cccc(C)c1NC(=O)[C@H]1CCCC[NH+]1CC1CC1,1.0
ROPIVACAINEHCL,CCCOC(C(=O)OC1CCN(C)CC1)(c1ccccc1)c1ccccc1,1.0
DEXTROMETHORPHAN,COc1ccc2c(c1)[C@]13CCCC[C@@H]1[C@H](C2)N(C)CC3,1.0
MIANSERINE,CN1CCN2c3ccccc3Cc3ccccc3[C@@H]2C1,1.0
DEMETHYLASTEMIZOLE,Oc1ccc(CCN2CCC(Nc3nc4ccccc4n3Cc3ccc(F)cc3)CC2)cc1,1.0
METHYLNALTREXONE,C[N@@+]1(CC2CC2)CC[C@]23c4c5ccc(O)c4O[C@H]2C(=O)CC[C@@]3(O)[C@H]1C5,0.0
OXATOMIDE,O=c1[nH]c2ccccc2n1CCCN1CCN(C(c2ccccc2)c2ccccc2)CC1,1.0
HY-2901,CC(C)(CN1CCC(=C2c3ccc(F)cc3COc3ccccc32)CC1)C(=O)O,1.0
PENTAMIDINE,N=C(N)c1ccc(OCCCCCOc2ccc(C(=N)N)cc2)cc1,0.0
THIOGUANINE,Nc1nc(=S)c2[nH]cnc2[nH]1,0.0
MELOXICAM,Cc1cnc(NC(=O)C2=C(O)c3ccccc3S(=O)(=O)N2C)s1,0.0
PHENYTOIN,O=C1NC(=O)C(c2ccccc2)(c2ccccc2)N1,0.0
D-703,CCOc1ccccc1C(=O)NCCCN1CCOCC1,1.0
BENPERIDOL,O=C(CCCN1CCC(n2c(=O)[nH]c3ccccc32)CC1)c1ccc(F)cc1,1.0
AZIMILIDE,C[NH+]1CC[NH+](CCCCN2C(=O)CN(/N=C/c3ccc(-c4ccc(Cl)cc4)o3)C2=O)CC1,1.0
"3-BROMO-2-METHYL-7-[(1-PHENYLCYCLOPROPYL)METHYL]IMIDAZO[1,2-A]PYRAZIN-8(7H)-ONE HYDROCHLORIDE",Cc1nc2c(=O)n(CC3(c4ccccc4)CC3)ccn2c1Br,1.0
"2-METHYL-7-({1-[4-(TRIFLUOROMETHYL)PHENYL]CYCLOPROPYL}METHYL)IMIDAZO[1,2-A]PYRAZIN-8(7H)-ONE HYDROCHLORIDE",Cc1cn2ccn(CC3(c4ccc(C(F)(F)F)cc4)CC3)c(=O)c2n1,1.0
"2-METHYL-7-[(1-PHENYLCYCLOPROPYL)METHYL]IMIDAZO[1,2-A]PYRAZIN-8(7H)-ONE HYDROCHLORIDE",Cc1cn2ccn(CC3(c4ccccc4)CC3)c(=O)c2n1,0.0
DOLASETRON,O=C(OC1C[C@H]2CC3C[C@H](C1)[NH+]2CC3=O)C1=c2ccccc2=NC1,1.0
WOMBAT25,Cc1ncccc1C(=O)N1CC[C@H]([NH2+]Cc2cncn2Cc2ccc(C#N)cc2)C1=O,1.0
WOMBAT23,N#Cc1ccc(Cn2cncc2C[NH2+][C@H]2CCN(C(=O)c3cccnc3[O-])C2=O)cc1,0.0
WOMBAT24,N#Cc1ccc(Cn2cncc2C[NH2+][C@@H]2CCN(C(=O)c3cccnc3N)C2=O)cc1,0.0
WOMBAT18,CSc1ncccc1C(=O)N1CC[C@@H]([NH2+]Cc2cncn2Cc2ccc(C#N)cc2)C1=O,1.0
WOMBAT11,N#Cc1ccc(Cn2cncc2C[NH2+][C@@H]2CCN(C(=O)c3cccnc3[S-])C2=O)cc1,1.0
WOMBAT66,N#Cc1ccc(Cn2cncc2C[NH2+][C@@H]2CCN(C(=O)c3cncc(Br)c3)C2=O)cc1,1.0
WOMBAT17,CCSc1ncccc1C(=O)N1CC[C@@H]([NH2+]Cc2cncn2Cc2ccc(C#N)cc2)C1=O,1.0
WOMBAT22,COc1ncccc1C(=O)N1CC[C@H]([NH2+]Cc2cncn2Cc2ccc(C#N)cc2)C1=O,1.0
WOMBAT59,N#Cc1ccc(Cn2cncc2C[NH+](CCCc2ccccc2)[C@@H]2CCN(Cc3cccc(Cl)c3)C2=O)cc1,1.0
ACETAZOLAMIDE,CC(=O)Nc1nnc(S(N)(=O)=O)s1,0.0
PRAMIPEXOLE,CCC[NH2+][C@H]1CCc2nc(N)sc2C1,0.0
DOMPERIDONE,O=C1N=c2ccccc2=[N+]1CCC[NH+]1CCC([N+]2=c3ccc(Cl)cc3=NC2=O)CC1,1.0
WOMBAT07,c1ccc(-c2[nH]c3ccccc3c2C2C[C@@H]3CC[C@H](C2)N3c2ccccc2)cc1,1.0
